Path Traversal:
0
5
10
139
138
137
160
313
684
683
1281
504
505
1684
1994
5334
1993
3139
7100
12860
7099
7098
1992
541
806
1782
805
804
1337
1557
1024
1336
1335
1334
803
938
1026
1885
3490
4534
26145
30307
30791
30790
30789
43433
43432
26144
30306
60640
4470
7722
10621
17766
34835
47073
36665
65639
40636
36664
36663
61946
91153
14685
19217
14683
14684
16110
21380
29870
8752
29328
53389
80092
80091
79629
53388
53387
6339
8801
10673
14381
15264
7079
6342
9484
9483
10672
26618
56086
347
487
1676
3447
253
3446
1675
1674
1991
252
664
578
250
494
251
241
244
26617
32152
19128
22851
50354
3855
3891
5019
6349
7017
6938
11737
21084
22899
3908
25212
31066
49468
52896
80291
73270
80968
60129
52895
52894
52893
40256
58792
31065
31064
31063
12459
15737
1484
3407
4899
9161
12135
24813
35379
11050
11049
9160
14637
22537
22536
22535
14636
9159
11051
7163
25267
25266
30408
15718
21369
34271
3674
3850
2850
12134
9158
4898
4897
96
174
93
297
1241
1964
2148
16192
20363
12534
7326
2912
4260
7213
15457
2563
2876
1662
1985
517
151
448
766
919
848
847
626
624
1984
2161
4104
821
577
489
243
490
488
576
1477
1181
420
1180
1476
1983
1201
4259
5090
10498
18288
23674
31020
55464
90436
104686
13620
8279
13618
5244
13619
19413
28324
45158
17190
55463
16910
16911
12310
10017
13432
18287
10497
10496
10148
4258
9772
8093
12564
8091
7327
8092
4257
2911
2910
16912
12535
16191
34226
8221
10641
14086
19208
35347
14131
11570
14409
7323
8090
7325
18771
29613
14396
28679
26080
6165
8987
10233
8089
8088
5845
6441
627
6440
8812
8811
6439
8222
8516
9118
12251
5815
8292
10995
13231
8848
24845
12032
11040
18184
11037
18637
13562
13563
11039
11038
8908
11036
14698
8753
17056
17392
23260
26072
30353
34174
57047
57046
34173
34172
7162
13225
30837
43807
84262
88486
131238
138576
160150
160149
138575
138574
138573
84261
84260
61697
72339
72338
61695
63862
63864
63863
63861
63860
61696
61694
69393
61693
58986
43806
43805
43804
43803
10580
12351
12350
15997
31214
31213
65067
31212
31211
31210
15996
23790
33871
51905
85162
90033
90062
93933
90061
101175
136184
164627
161270
170723
171648
200567
88970
121010
164958
70955
117461
133789
183106
133788
173993
123695
121343
123696
134595
131063
121344
131064
136778
145927
176874
131114
140449
174390
148728
157815
185102
106293
128422
153608
128822
61763
80335
80334
73855
126572
176642
214158
93037
142320
44022
66536
67080
115223
166104
203008
226716
224129
54894
61898
83680
83679
91842
146870
185554
205959
207719
224978
236869
241839
227985
230097
226351
207718
224394
232988
233127
232987
243344
228559
13608
21311
13611
18928
23514
39901
29611
23513
26076
41444
57485
90820
90819
108729
146459
161690
149020
146458
146457
146456
114459
108728
50455
64590
87774
87773
64589
34961
50456
116865
131719
149019
116864
33545
41667
21063
26841
38136
66308
81129
87657
29285
35681
59029
59028
72755
71434
103148
112738
157137
187842
40857
48451
66752
68067
81756
81755
94391
112994
104218
112992
127989
149686
127988
127987
104216
41695
52783
85324
188728
198789
35922
37638
30282
29044
34356
38971
51292
54393
116876
164577
193782
200651
227022
229990
180033
186501
198782
16340
198215
198216
201435
186500
203629
220452
229526
232912
246465
249652
28452
32170
36209
74158
91041
33507
41663
41662
11593
8459
9107
26594
38129
39023
77226
91212
111781
161987
195737
195736
212658
236023
450
1183
1325
3990
3389
11610
3403
3786
5667
9833
5668
317
1049
1048
1047
1046
987
3785
3388
1327
1326
11384
18872
18871
11383
8337
315
687
1746
719
1031
1033
1032
1886
1030
943
686
1745
3092
3759
4994
9816
29958
40491
44425
45063
56875
59569
84332
93516
100472
84331
56876
44424
44423
44422
44421
481
1672
10528
16341
5729
4444
5730
11283
11282
15684
15908
15907
15906
15683
15682
15681
15680
16168
23794
51166
26596
34632
34633
40604
40603
34631
13557
17813
19598
34484
11702
14418
14289
14364
32487
68963
103384
161758
161757
103383
122265
103382
68962
126783
134920
134919
162513
204447
208150
212340
186114
169554
186111
186110
219819
219818
219817
186113
186112
5551
9729
5547
5549
8262
2885
3027
6048
6299
6329
6298
25718
6330
6142
7413
8920
18797
23285
34297
11351
34296
43487
2886
6032
8773
162
616
2556
4712
6782
12846
29045
37846
75443
111988
137997
174379
183902
187887
187886
9120
11442
11441
20786
22466
22465
20785
8536
9119
14311
25837
46296
70239
59428
80324
90909
59427
119304
122613
164194
119303
132910
155197
190423
203780
218115
230725
118720
41982
48470
49375
62458
28678
14325
11475
9406
7772
7769
7773
9462
7771
12726
16699
18063
24465
24543
43700
54633
58944
106650
83849
83848
83850
68888
55244
58542
103543
134532
173815
184408
183209
183208
183262
183207
173814
173813
173812
45995
45624
59739
72523
59738
57928
60813
69791
60812
46465
46466
46468
46467
46464
34628
41330
42254
50964
54019
50963
42253
42252
42250
41328
34627
42251
70036
121855
163306
166864
182265
195178
203363
195177
182264
182263
166863
166862
163305
163304
163303
70035
125069
149901
183494
154402
149900
149899
149898
125068
125067
58540
46403
54277
85907
105553
85908
85754
85753
85752
54276
42290
59118
75326
54275
42291
40119
46402
58541
60992
94653
94652
83847
58943
58942
54632
80514
80513
54631
55693
89483
130775
124591
91497
66376
124590
91498
130774
130773
130772
89482
66377
55692
116588
55691
66375
77756
58660
76381
94040
96900
102679
63595
97891
106113
144668
115666
106112
106111
159131
104415
115667
126937
157199
126936
115665
97890
63594
63591
63593
63592
60253
94039
71780
72001
72000
72838
101628
120576
120575
120574
108503
108502
101627
120540
125238
177562
82098
88288
111771
129363
160771
176760
196497
213165
215398
201729
229081
196496
201731
201730
196495
219606
261753
261829
261828
261831
261925
261827
218711
218710
196494
196493
218709
135231
176479
195095
218707
209362
212178
212177
218706
209363
209360
195094
209361
213989
195093
129797
48867
49687
28296
38898
38897
28297
28295
21372
23902
30458
30459
29762
29764
54144
15298
29763
12751
12752
12185
12186
12184
29761
14156
12188
7459
12187
15062
25398
15061
31192
57390
77918
99606
113225
139932
164026
164025
164024
63772
94478
150394
179852
56319
56318
98290
107953
98293
108766
146462
189936
192369
189935
189934
163395
146461
146460
118719
98291
98292
98289
179851
150393
94477
56317
113224
139931
138647
89700
56316
51836
56320
114429
99605
113714
138646
113713
99604
143757
160596
139481
185194
189616
77475
107854
108535
142340
142339
77476
98177
99453
101919
99452
77477
98176
98175
77917
116103
152692
64982
66081
57200
50848
37581
62026
110039
129597
126063
126062
126061
110038
110037
67839
67838
48210
86511
58165
50847
66080
66079
50846
32988
37600
37602
49158
16837
32987
54175
54174
32986
34400
32985
32984
13017
22838
22839
18336
22840
33861
33860
15790
54429
58335
69782
82167
92841
92840
143942
183298
21568
15792
27135
13653
13652
37601
57389
57388
63573
31191
18625
58336
129362
21569
13654
21371
34524
45813
58845
59915
93407
118058
123770
153587
65577
67896
36221
77831
13655
31161
31160
56479
29336
65576
65575
70544
85607
85606
70543
70542
82428
70545
63841
70541
63840
60200
82350
59914
59913
58844
58843
58842
21373
7152
9403
17429
23469
25575
25268
23468
23467
17373
3590
10433
11140
14706
11139
17488
23021
56052
57664
57663
48122
35835
23020
23019
17487
17486
2501
3591
7154
17375
17374
27176
72613
113889
130407
130409
85427
89846
85426
113286
94089
138080
130408
89847
72612
85428
94090
72611
19691
30568
61398
111441
28783
30722
42451
31878
75423
94565
94564
94566
75422
75421
85122
81727
106717
106716
106718
106715
98873
98872
82063
98871
98870
50412
75420
75419
30721
27175
33922
48618
83010
94074
119664
108681
119663
157821
87907
91107
100685
119149
100684
100683
100682
100681
91106
157820
96402
119662
53464
36116
45342
1202
1488
2456
4678
6771
13522
13458
13457
13459
14532
19500
7979
10630
12674
12800
19362
12801
6173
17952
20191
34503
35768
4100
6174
17359
17358
6172
4844
6367
23810
23811
37778
16542
16800
16220
16222
16221
9265
17174
16799
5787
3174
4846
5788
3175
4845
10733
11965
9890
6252
8245
8244
5375
4556
4656
4655
10839
27366
36721
44808
64761
64759
106586
85181
9048
9977
12132
1322
1651
3078
5471
2769
3076
7005
9978
18545
34245
56506
6412
2423
5410
625
2558
13809
11785
9421
5288
7373
9420
6438
4959
8712
8711
9988
14950
15237
20353
1408
4820
15236
15563
20897
51799
83230
8760
23814
6411
11314
11315
27743
37264
38333
37263
11375
13490
21112
26018
54497
86340
89446
6090
12481
5669
6426
3790
5670
6163
5878
11411
9032
11030
15339
15578
32237
60650
78069
80984
52295
62168
52617
32307
52294
10838
10837
13361
10743
14688
18374
55379
2913
2669
2668
3620
5580
9734
10051
13873
13489
7758
18509
10097
10050
10096
14664
31849
14663
14662
10095
9548
10719
24704
35202
19448
12359
12358
17901
16689
12360
35201
16688
9510
9509
9508
13352
13353
20572
54098
16388
20149
20150
36403
20148
30572
59616
125041
161821
176562
176561
161820
125040
125039
125038
125037
13636
14815
5144
8036
8605
13954
15492
13955
22520
23163
32662
53044
53043
56338
113318
15396
16767
12895
18315
26770
28074
48962
58316
60008
47783
24858
34328
26127
34329
34327
47542
79190
24857
43309
43308
67033
78413
10515
26218
36192
13651
26284
21748
16660
34440
40039
44410
65175
65176
63150
89523
110678
164915
89522
80554
91531
114264
125834
161608
163711
171116
178692
198351
226132
204089
218117
130603
184415
219933
213802
213801
195367
195366
195365
195364
195363
52502
56057
78050
56056
67830
101607
45127
46282
58916
45126
53567
83243
98879
98878
83242
83241
45125
45124
26343
26344
21856
34530
14856
17167
19574
37110
64846
117704
135662
141152
189144
189797
189796
189143
219159
224112
238415
140344
172238
224111
172237
172236
23146
36126
79364
98492
152173
69852
69851
55838
37087
42171
59714
60228
40741
80459
110647
156711
156710
156709
156708
156707
110646
161569
163905
165512
177343
212610
227343
212609
212608
212607
212606
165511
163904
40742
76546
87021
87609
87608
94274
97337
87607
143235
148352
149088
180879
82860
36454
46855
47409
107743
133702
146323
133701
121275
94841
105212
107984
151994
55952
82113
125695
47260
47259
109423
137981
33762
47257
72931
105659
142003
152110
162773
152109
163179
174118
181699
22217
53725
59523
59522
85185
72647
20731
38019
73762
83140
83139
93289
83138
83137
83136
117786
160940
160939
205739
222560
145852
149996
172274
195620
149499
163292
177691
140819
161881
175285
86388
100133
147317
151488
174872
208722
207985
220669
226290
214875
175561
191867
224943
231169
207983
221248
153858
124468
132766
130452
168147
206779
227857
234839
243862
252293
256543
258434
144145
147416
136615
136616
166991
136617
162929
205742
197854
228482
204445
172895
160599
173195
202408
220451
228158
213456
214570
213457
222828
238639
238637
240943
239131
238638
239130
233333
227681
238640
241151
113631
146738
120339
171395
174858
205643
174926
163655
148651
163654
139037
139036
164450
180929
184112
137341
171838
194306
205928
171836
171837
205929
168414
144323
143266
195675
177734
198988
173256
177735
149985
163559
186387
186386
186388
197619
199327
186785
197620
208929
210812
139827
161955
180156
134025
132251
129270
138566
147012
156162
156161
174254
202552
202551
202550
64940
64941
122414
115661
164779
201471
203106
223028
234819
243021
251795
252398
145321
145323
197231
149428
162975
190438
190437
190436
200340
216236
151956
140724
156822
125388
173388
187206
222568
239163
196820
200059
200058
196822
227215
196823
207884
59077
67855
