Path Traversal for 1000 nodes with 1 Connected Component(s):
0
5
10
139
138
137
160
313
684
683
312
161
315
687
719
943
686
452
158
453
451
768
78
113
130
441
129
188
223
240
663
485
249
493
343
697
239
339
520
583
582
826
825
824
823
519
793
934
935
932
524
798
937
796
794
933
795
523
341
521
525
522
797
936
792
238
342
885
696
481
21
164
456
82
293
358
706
705
678
292
291
290
505
504
80
426
512
789
95
429
94
93
297
56
96
174
33
151
449
448
767
848
766
919
847
626
624
331
518
517
447
97
117
133
194
472
599
572
598
926
571
471
470
193
224
192
226
244
253
347
487
252
664
578
494
251
250
243
490
821
577
822
489
488
576
242
486
241
225
656
655
654
190
469
774
920
772
191
623
846
845
622
468
778
620
777
925
924
776
775
467
773
923
922
621
921
189
132
131
308
366
279
673
672
668
671
872
971
554
66
419
553
388
361
362
445
27
76
286
356
533
532
531
304
355
704
703
886
884
81
289
288
357
353
387
306
386
541
806
805
804
803
938
802
287
354
285
284
305
679
283
121
22
39
87
115
303
365
392
391
404
410
733
732
731
730
409
408
403
390
364
363
711
710
888
887
709
708
707
302
511
210
608
609
480
785
114
435
757
915
646
201
636
851
962
994
899
898
995
993
992
961
960
850
849
181
319
874
972
648
212
647
645
756
916
755
917
877
754
434
753
270
351
273
350
702
883
975
790
882
976
974
881
980
979
978
880
879
977
973
701
700
699
698
878
876
272
271
503
433
432
86
171
38
37
269
298
360
536
827
584
466
585
535
534
465
464
771
770
769
186
149
612
837
836
947
946
945
944
611
610
418
65
101
64
280
677
676
675
674
294
368
393
412
547
397
411
369
395
394
405
398
544
543
542
372
400
399
67
281
867
866
482
231
484
483
118
119
185
320
184
316
156
615
841
840
951
49
157
211
644
858
859
857
643
367
346
30
50
90
173
318
370
396
407
417
748
910
747
746
913
912
745
744
911
416
415
743
742
741
909
530
908
907
906
999
248
345
344
529
801
799
528
800
738
736
734
905
735
527
526
234
247
258
499
580
642
207
641
205
640
639
856
855
579
498
788
931
930
929
928
927
787
786
497
496
257
495
150
246
492
661
662
870
869
868
491
206
233
204
108
127
136
135
197
230
338
337
336
335
333
229
334
332
381
854
202
638
852
473
555
637
853
176
463
570
597
569
596
595
594
462
142
203
141
442
198
232
245
256
348
259
255
254
199
140
200
635
634
633
632
631
183
380
660
659
658
657
865
864
863
379
900
378
725
902
901
998
997
996
724
897
227
196
630
567
83
167
458
568
820
819
818
617
618
566
817
942
816
815
457
54
159
34
52
278
352
277
276
667
275
51
274
154
32
148
446
565
564
593
830
829
592
828
563
84
428
966
952
965
427
750
749
53
62
61
163
162
616
35
55
92
296
506
295
91
166
619
844
843
959
958
957
956
311
682
36
155
614
839
950
949
948
838
613
153
209
208
681
680
152
955
842
954
953
165
31
85
170
217
330
377
723
722
721
720
718
376
540
539
538
587
602
833
832
831
601
600
556
586
537
375
401
729
904
894
895
893
371
325
373
716
715
892
986
985
981
983
982
891
987
890
984
889
714
713
712
717
896
991
990
989
988
514
791
324
516
515
513
903
728
727
726
323
374
329
688
690
689
328
327
691
216
477
783
782
781
780
779
476
475
575
574
573
215
326
214
651
862
861
970
969
968
967
964
860
963
650
649
213
474
169
459
168
17
629
19
75
110
431
180
109
74
282
73
16
14
29
147
607
835
606
605
604
603
834
146
444
309
310
443
765
764
763
145
144
143
126
440
762
918
125
124
123
740
739
414
737
413
552
591
590
589
588
551
808
807
550
549
548
406
317
172
461
460
89
359
389
871
670
669
98
307
99
177
218
653
652
752
430
751
914
175
116
436
100
63
455
454
228
77
425
558
557
559
424
423
422
237
28
79
18
479
784
340
695
694
693
692
875
873
222
236
235
221
220
219
478
128
187
322
321
112
182
111
20
23
13
48
685
450
314
60
9
8
24
44
43
42
41
40
7
6
4
3
2
12
264
666
665
263
262
261
260
11
26
268
385
402
546
545
383
384
382
349
267
266
502
265
501
500
25
47
59
88
58
57
46
45
1
15
72
107
301
510
581
509
508
300
106
134
195
628
627
625
122
105
71
104
299
507
421
179
178
103
120
439
562
814
813
761
561
812
811
810
941
940
759
939
758
809
560
438
437
760
102
70
69
420
68
